113
114
113
114
64
114
56
64
114
69
114
83
114
82
114
84
53
114
84
53
114
84
53
114
82
114
59
114
53
71
77
81
60
74
75
76
63
114
78
53
71
77
81
60
74
75
76
63
114
79
114
63
79
114
79
114
53
71
77
81
60
74
75
114
63
53
71
77
81
60
74
75
114
83
114
73
80
70
76
114
53
71
77
81
60
74
75
86
109
54
55
73
80
70
76
114
53
71
77
81
60
74
75
86
109
54
55
73
80
70
76
114
87
50
114
87
50
114
53
71
77
81
60
74
75
86
109
54
55
73
80
70
76
114
77
114
83
114
53
71
77
81
60
74
75
86
109
54
55
73
80
70
76
114
53
71
77
81
60
74
75
86
109
54
55
73
80
70
76
114
53
71
77
81
60
74
75
86
109
54
55
73
80
70
76
114
53
71
77
81
60
74
75
86
109
54
55
73
80
70
76
114
87
114
87
83
114
87
83
114
88
89
87
83
114
88
89
87
83
114
90
91
88
89
87
83
114
86
53
54
55
104
114
86
53
54
55
104
114
90
91
88
89
87
83
114
90
91
88
89
87
83
114
87
114
101
100
97
99
98
103
87
114
86
114
53
54
55
114
59
114
83
114
82
114
82
